   0.0000000      4.72816064E-05  8.72946403E-05
  0.11796679      2.03269974E-05  3.75863456E-05
  0.23593359     -2.60236684E-05 -4.78934962E-05
  0.35390037     -3.48333742E-05 -6.41438965E-05
  0.47186717     -2.04623825E-06 -3.68391375E-06
  0.58983397      2.25107251E-05  4.15988688E-05
  0.70780075      6.64633217E-06  1.23384007E-05
  0.82576758     -2.14069751E-05 -3.94023591E-05
  0.94373435     -1.64009471E-05 -3.01801410E-05
   1.0617012      1.83337943E-05  3.38634309E-05
   1.1796679      3.51995041E-05  6.49524227E-05
   1.2976347      8.61651461E-06  1.59144402E-05
   1.4156015     -2.93609501E-05 -5.41390073E-05
   1.5335683     -3.13987439E-05 -5.79179177E-05
   1.6515352      3.86451848E-06  7.08884227E-06
   1.7695019      3.19479368E-05  5.88540061E-05
   1.8874687      1.95384218E-05  3.59451769E-05
   2.0054355     -1.68681618E-05 -3.12164375E-05
   2.1234024     -3.46983106E-05 -6.41193983E-05
   2.2413690     -1.53417968E-05 -2.84434500E-05
   2.3593359      1.94750592E-05  3.57462559E-05
   2.4773026      3.58171601E-05  6.58699282E-05
   2.5952694      2.17061934E-05  3.98382545E-05
   2.7132363     -6.79608002E-06 -1.27291933E-05
   2.8312030     -2.53175476E-05 -4.68875660E-05
   2.9491699     -2.28844165E-05 -4.23999263E-05
   3.0671365     -7.56101508E-06 -1.41379560E-05
   3.1851034      5.22897517E-06  9.45485317E-06
   3.3030703      8.84481233E-06  1.61315766E-05
   3.4210370      9.19923878E-06  1.67955350E-05
   3.5390038      1.21947678E-05  2.23313345E-05
   3.6569705      1.20228478E-05  2.20268594E-05
   3.7749374     -7.08962318E-07 -1.43934801E-06
   3.8929043     -1.96966575E-05 -3.64425396E-05
   4.0108709     -2.30106634E-05 -4.25422004E-05
   4.1288376     -7.59205932E-07 -1.49683012E-06
   4.2468047      2.47476473E-05  4.55508634E-05
   4.3647714      2.09848076E-05  3.86206375E-05
   4.4827380     -1.16895253E-05 -2.16261342E-05
   4.6007051     -3.40623301E-05 -6.28742055E-05
   4.7186718     -1.50321503E-05 -2.77670788E-05
   4.8366385      2.59838580E-05  4.78882503E-05
   4.9546051      3.99896235E-05  7.37367445E-05
   5.0725722      9.78198568E-06  1.80532988E-05
   5.1905389     -2.79722972E-05 -5.15442189E-05
   5.3085055     -3.00667780E-05 -5.53783357E-05
   5.4264727     -1.07196865E-06 -1.87921478E-06
   5.5444393      1.69853611E-05  3.14483841E-05
   5.6624060      3.33627668E-06  6.30230534E-06
   5.7803726     -1.53463516E-05 -2.81299090E-05
   5.8983397     -5.53870632E-06 -1.00260540E-05
   6.0163064      2.37877448E-05  4.40693511E-05
   6.1342731      3.18121165E-05  5.88772564E-05
   6.2522402      1.75364983E-06  3.45185003E-06
   6.3702068     -3.43808206E-05 -6.31816874E-05
   6.4881735     -3.55536686E-05 -6.53440657E-05
   6.6061406     -2.82935775E-06 -4.99778116E-06
   6.7241073      2.44217372E-05  4.52533459E-05
   6.8420739      1.93917895E-05  3.59722944E-05
   6.9600406     -1.96757696E-06 -3.42398471E-06
   7.0780077     -7.79238326E-06 -1.41739147E-05
   7.1959743      5.66909148E-06  1.06417465E-05
   7.3139410      1.22222364E-05  2.27174150E-05
   7.4319081     -3.95613370E-06 -7.12664450E-06
   7.5498748     -2.29474190E-05 -4.21583645E-05
   7.6678414     -1.52504490E-05 -2.79744963E-05
   7.7858086      1.45175563E-05  2.69098982E-05
   7.9037752      2.75689345E-05  5.09656675E-05
   8.0217419      7.20434059E-07  1.44022806E-06
   8.1397085     -3.68361070E-05 -6.78332144E-05
   8.2576752     -3.34376891E-05 -6.15821191E-05
   8.3756428      1.85692879E-05  3.43076645E-05
   8.4936094      6.40782819E-05  1.18213611E-04
   8.6115761      4.61960117E-05  8.52185694E-05
   8.7295427     -2.28258414E-05 -4.20833057E-05
   8.8475094     -7.09886881E-05 -1.30918270E-04
   8.9654760     -4.98321788E-05 -9.19205340E-05
   9.0834427      1.03552675E-05  1.90534283E-05
   9.2014103      4.22731646E-05  7.78930917E-05
   9.3193769      2.46472937E-05  4.53665853E-05
   9.4373436     -1.43385273E-06 -2.75333150E-06
   9.5553102      1.34928814E-06  2.35578386E-06
   9.6732769      1.45609047E-05  2.66969055E-05
   9.7912436     -7.87991098E-07 -1.62902836E-06
   9.9092102     -3.64304833E-05 -6.73751565E-05
   10.027178     -4.08021369E-05 -7.54493522E-05
   10.145144      4.48592209E-06  8.05926538E-06
   10.263111      4.63014912E-05  8.51667864E-05
   10.381078      2.45433966E-05  4.50378175E-05
   10.499044     -4.22942248E-05 -7.82223215E-05
   10.617011     -7.20814933E-05 -1.33155132E-04
   10.734978     -2.37503973E-05 -4.40256154E-05
   10.852945      4.48976061E-05  8.25726456E-05
   10.970912      4.56744419E-05  8.40088687E-05
   11.088879     -3.19303435E-05 -5.90997297E-05
   11.206845     -1.10749839E-04 -2.04446784E-04
   11.324812     -1.22217607E-04 -2.25586016E-04
   11.442779     -8.42523659E-05 -1.55561604E-04
   11.560745     -7.00793607E-05 -1.29410924E-04
   11.678713     -1.18964992E-04 -2.19547059E-04
   11.796679     -2.01077273E-04 -3.70956259E-04
   11.914646     -2.68368050E-04 -4.95031476E-04
   12.032613     -3.21260828E-04 -5.92553872E-04
   12.150579     -4.15571820E-04 -7.66456767E-04
   12.268546     -6.07158581E-04 -1.11974997E-03
   12.386514     -8.93350050E-04 -1.64750929E-03
   12.504480     -1.21393101E-03 -2.23869085E-03
   12.622447     -1.52597029E-03 -2.81412457E-03
   12.740414     -1.89094001E-03 -3.48717300E-03
   12.858380     -2.47149868E-03 -4.55779862E-03
   12.976347     -3.40844574E-03 -6.28565298E-03
   13.094314     -4.70359158E-03 -8.67407490E-03
   13.212281     -6.27969345E-03 -1.15806181E-02
   13.330248     -8.19639117E-03 -1.51152667E-02
   13.448215     -1.07648969E-02 -1.98519342E-02
   13.566181     -1.43758832E-02 -2.65110750E-02
   13.684148     -1.92361977E-02 -3.54741439E-02
   13.802114     -2.54104380E-02 -4.68602628E-02
   13.920081     -3.32038440E-02 -6.12323433E-02
   14.038049     -4.33699302E-02 -7.99799636E-02
   14.156015     -5.66645116E-02 -0.10449693    
   14.273982     -7.30322003E-02 -0.13468112    
   14.391949     -9.13067386E-02 -0.16838178    
   14.509915     -0.10985393     -0.20258525    
   14.627882     -0.12748304     -0.23509565    
   14.745849     -0.14356475     -0.26475239    
   14.863816     -0.15724051     -0.28997228    
   14.981783     -0.16681035     -0.30762029    
   15.099750     -0.17029920     -0.31405416    
   15.217716     -0.16681039     -0.30762035    
   15.335683     -0.15724058     -0.28997239    
   15.453650     -0.14356484     -0.26475254    
   15.571617     -0.12748314     -0.23509583    
   15.689584     -0.10985404     -0.20258544    
   15.807550     -9.13068503E-02 -0.16838197    
   15.925517     -7.30323046E-02 -0.13468131    
   16.043484     -5.66646010E-02 -0.10449710    
   16.161451     -4.33700010E-02 -7.99801126E-02
   16.279417     -3.32038924E-02 -6.12324663E-02
   16.397385     -2.54104752E-02 -4.68603671E-02
   16.515350     -1.92362256E-02 -3.54742333E-02
   16.633318     -1.43759036E-02 -2.65111458E-02
   16.751286     -1.07649099E-02 -1.98519845E-02
   16.869251     -8.19639862E-03 -1.51152993E-02
   16.987219     -6.27969811E-03 -1.15806377E-02
   17.105185     -4.70359484E-03 -8.67408328E-03
   17.223152     -3.40844807E-03 -6.28565298E-03
   17.341118     -2.47149961E-03 -4.55779163E-03
   17.459085     -1.89093989E-03 -3.48716276E-03
   17.577053     -1.52596994E-03 -2.81411572E-03
   17.695019     -1.21393159E-03 -2.23868643E-03
   17.812986     -8.93351738E-04 -1.64750952E-03
   17.930952     -6.07160968E-04 -1.11975370E-03
   18.048920     -4.15574468E-04 -7.66462414E-04
   18.166885     -3.21263447E-04 -5.92560391E-04
   18.284853     -2.68370728E-04 -4.95038112E-04
   18.402821     -2.01079965E-04 -3.70962196E-04
   18.520786     -1.18967444E-04 -2.19551031E-04
   18.638754     -7.00812307E-05 -1.29411957E-04
   18.756720     -8.42537193E-05 -1.55559799E-04
   18.874687     -1.22218946E-04 -2.25582626E-04
   18.992653     -1.10751615E-04 -2.04443219E-04
   19.110620     -3.19325445E-05 -5.90966847E-05
   19.228588      4.56721282E-05  8.40114226E-05
   19.346554      4.48952633E-05  8.25745519E-05
   19.464521     -2.37530639E-05 -4.40250842E-05
   19.582487     -7.20846001E-05 -1.33156602E-04
   19.700455     -4.22972589E-05 -7.82254065E-05
   19.818420      2.45412903E-05  4.50342741E-05
   19.936388      4.63006618E-05  8.51636869E-05
   20.054356      4.48593482E-06  8.05664513E-06
   20.172321     -4.08018750E-05 -7.54518042E-05
   20.290289     -3.64299922E-05 -6.73773757E-05
   20.408255     -7.86832118E-07 -1.63082973E-06
   20.526222      1.45628665E-05  2.66950865E-05
   20.644188      1.35150822E-06  2.35282755E-06
   20.762156     -1.43209047E-06 -2.75820912E-06
   20.880123      2.46483942E-05  4.53602079E-05
   20.998089      4.22738449E-05  7.78864851E-05
   21.116056      1.03555349E-05  1.90475857E-05
   21.234022     -4.98329136E-05 -9.19252561E-05
   21.351990     -7.09910673E-05 -1.30921457E-04
   21.469955     -2.28297413E-05 -4.20838114E-05
   21.587923      4.61915588E-05  8.52221783E-05
   21.705891      6.40743019E-05  1.18221789E-04
   21.823856      1.85660683E-05  3.43192878E-05
   21.941824     -3.34405922E-05 -6.15691606E-05
   22.059790     -3.68391629E-05 -6.78209617E-05
   22.177757      7.17366959E-07  1.45027275E-06
   22.295723      2.75664934E-05  5.09722304E-05
   22.413691      1.45163012E-05  2.69117318E-05
   22.531658     -1.52504581E-05 -2.79781925E-05
   22.649624     -2.29465386E-05 -4.21672339E-05
   22.767591     -3.95476673E-06 -7.13896588E-06
   22.885557      1.22238707E-05  2.27042037E-05
   23.003525      5.67092957E-06  1.06303387E-05
   23.121490     -7.79033689E-06 -1.41810879E-05
   23.239458     -1.96522660E-06 -3.42483031E-06
   23.357426      1.93946344E-05  3.59792975E-05
   23.475391      2.44251896E-05  4.52685417E-05
   23.593359     -2.82550081E-06 -4.97571500E-06
   23.711325     -3.55499105E-05 -6.53179741E-05
   23.829292     -3.43776192E-05 -6.31551084E-05
   23.947260      1.75619380E-06  3.47551145E-06
   24.065226      3.18141974E-05  5.88950570E-05
   24.183193      2.37895310E-05  4.40788754E-05
   24.301159     -5.53719747E-06 -1.00263533E-05
   24.419127     -1.53450528E-05 -2.81399643E-05
   24.537092      3.33766866E-06  6.28457155E-06
   24.655060      1.69871691E-05  3.14265853E-05
   24.773027     -1.06981292E-06 -1.90101662E-06
   24.890993     -3.00647953E-05 -5.53964455E-05
   25.008961     -2.79709893E-05 -5.15555694E-05
   25.126926      9.78261505E-06  1.80509760E-05
   25.244894      3.99899800E-05  7.37443479E-05
   25.362860      2.59842291E-05  4.79046867E-05
   25.480827     -1.50319202E-05 -2.77447980E-05
   25.598795     -3.40625847E-05 -6.28499620E-05
   25.716761     -1.16903520E-05 -2.16036278E-05
   25.834728      2.09836617E-05  3.86383981E-05
   25.952694      2.47464213E-05  4.55615482E-05
   26.070662     -7.60626904E-07 -1.49471282E-06
   26.188627     -2.30126661E-05 -4.25487888E-05
   26.306595     -1.96995406E-05 -3.64562839E-05
   26.424562     -7.12721203E-07 -1.45739773E-06
   26.542528      1.20184295E-05  2.20077418E-05
   26.660496      1.21898420E-05  2.23139814E-05
   26.778461      9.19373269E-06  1.67820708E-05
   26.896429      8.83850407E-06  1.61234002E-05
   27.014395      5.22173559E-06  9.45254396E-06
   27.132362     -7.56903819E-06 -1.41348346E-05
   27.250330     -2.28928420E-05 -4.23928504E-05
   27.368296     -2.53260096E-05 -4.68786930E-05
   27.486263     -6.80441235E-06 -1.27207813E-05
   27.604229      2.16980388E-05  3.98443917E-05
   27.722197      3.58093821E-05  6.58725985E-05
   27.840162      1.94681215E-05  3.57447825E-05
   27.958130     -1.53473848E-05 -2.84493744E-05
   28.076097     -3.47023124E-05 -6.41295046E-05
   28.194063     -1.68706611E-05 -3.12296070E-05
   28.312031      1.95372359E-05  3.59307305E-05
   28.429996      3.19479150E-05  5.88400871E-05
   28.547964      3.86548436E-06  7.07653271E-06
   28.665930     -3.13970777E-05 -5.79282823E-05
   28.783897     -2.93588491E-05 -5.41473237E-05
   28.901865      8.61904300E-06  1.59083502E-05
   29.019831      3.52026800E-05  6.49484573E-05
   29.137798      1.83377651E-05  3.38607606E-05
   29.255764     -1.63963523E-05 -3.01827095E-05
   29.373732     -2.14021511E-05 -3.94054150E-05
   29.491697      6.65101834E-06  1.23352929E-05
   29.609665      2.25150015E-05  4.15964641E-05
   29.727633     -2.04265621E-06 -3.68553106E-06
   29.845598     -3.48307731E-05 -6.41453225E-05
   29.963566     -2.60221404E-05 -4.78950533E-05
   30.081532      2.03276377E-05  3.75851887E-05
   30.199499      4.72816064E-05  8.72946403E-05
